Energia_eV	Cuentas	Cuentas_norm	Error_Energia_eV	Error_Intensidad
7619.25376510	202.00000000	0.01570884	0.20000000	0.00111392
7619.53803502	216.00000000	0.01679757	0.20000000	0.00115249
7619.82377691	213.00000000	0.01656427	0.20000000	0.00114433
7620.11099106	202.00000000	0.01570884	0.20000000	0.00111392
7620.39967772	212.00000000	0.01648651	0.20000000	0.00114159
7620.68983719	221.00000000	0.01718641	0.20000000	0.00116597
7620.98146973	226.00000000	0.01757524	0.20000000	0.00117932
7621.27457564	245.00000000	0.01905280	0.20000000	0.00122878
7621.56915519	255.00000000	0.01983047	0.20000000	0.00125408
7621.86520866	246.00000000	0.01913057	0.20000000	0.00123133
7622.16273635	265.00000000	0.02060813	0.20000000	0.00127893
7622.46173853	279.00000000	0.02169687	0.20000000	0.00131297
7622.76221549	274.00000000	0.02130803	0.20000000	0.00130091
7623.06416752	276.00000000	0.02146357	0.20000000	0.00130575
7623.36759491	288.00000000	0.02239676	0.20000000	0.00133444
7623.67249796	294.00000000	0.02286336	0.20000000	0.00134858
7623.97887696	300.00000000	0.02332996	0.20000000	0.00136258
7624.28673219	282.00000000	0.02193017	0.20000000	0.00132016
7624.59606396	291.00000000	0.02263006	0.20000000	0.00134152
7624.90687257	320.00000000	0.02488529	0.20000000	0.00140833
7625.21915831	320.00000000	0.02488529	0.20000000	0.00140833
7625.53292149	336.00000000	0.02612956	0.20000000	0.00144399
7625.84816240	351.00000000	0.02729606	0.20000000	0.00147671
7626.16488136	358.00000000	0.02784042	0.20000000	0.00149175
7626.48307865	408.00000000	0.03172875	0.20000000	0.00159553
7626.80275460	385.00000000	0.02994012	0.20000000	0.00154856
7627.12390950	396.00000000	0.03079555	0.20000000	0.00157118
7627.44654368	408.00000000	0.03172875	0.20000000	0.00159553
7627.77065743	417.00000000	0.03242865	0.20000000	0.00161358
7628.09625107	436.00000000	0.03390621	0.20000000	0.00165111
7628.42332491	474.00000000	0.03686134	0.20000000	0.00172402
7628.75187927	453.00000000	0.03522824	0.20000000	0.00168407
7629.08191447	503.00000000	0.03911657	0.20000000	0.00177791
7629.41343082	487.00000000	0.03787231	0.20000000	0.00174835
7629.74642864	537.00000000	0.04176063	0.20000000	0.00183935
7630.08090825	590.00000000	0.04588226	0.20000000	0.00193179
7630.41686998	605.00000000	0.04704876	0.20000000	0.00195728
7630.75431415	636.00000000	0.04945952	0.20000000	0.00200911
7631.09324108	630.00000000	0.04899292	0.20000000	0.00199917
7631.43365110	626.00000000	0.04868186	0.20000000	0.00199252
7631.77554454	698.00000000	0.05428105	0.20000000	0.00210959
7632.11892173	784.00000000	0.06096897	0.20000000	0.00224286
7632.46378300	788.00000000	0.06128004	0.20000000	0.00224890
7632.81012868	845.00000000	0.06571273	0.20000000	0.00233368
7633.15795911	954.00000000	0.07418928	0.20000000	0.00248947
7633.50727462	962.00000000	0.07481142	0.20000000	0.00250061
7633.85807554	1096.00000000	0.08523213	0.20000000	0.00268200
7634.21036223	1084.00000000	0.08429893	0.20000000	0.00266613
7634.56413500	1175.00000000	0.09137569	0.20000000	0.00278483
7634.91939422	1192.00000000	0.09269772	0.20000000	0.00280660
7635.27614022	1297.00000000	0.10086321	0.20000000	0.00293853
7635.63437334	1408.00000000	0.10949530	0.20000000	0.00307367
7635.99409393	1449.00000000	0.11268372	0.20000000	0.00312257
7636.35530234	1546.00000000	0.12022708	0.20000000	0.00323631
7636.71799892	1572.00000000	0.12224901	0.20000000	0.00326636
7637.08218401	1663.00000000	0.12932576	0.20000000	0.00337014
7637.44785798	1691.00000000	0.13150323	0.20000000	0.00340167
7637.81502116	1772.00000000	0.13780232	0.20000000	0.00349187
7638.18367392	1837.00000000	0.14285714	0.20000000	0.00356323
7638.55381661	1906.00000000	0.14822303	0.20000000	0.00363804
7638.92544959	1974.00000000	0.15351116	0.20000000	0.00371088
7639.29857322	2062.00000000	0.16035462	0.20000000	0.00380393
7639.67318786	2223.00000000	0.17287503	0.20000000	0.00397090
7640.04929387	2222.00000000	0.17279726	0.20000000	0.00396987
7640.42689162	2333.00000000	0.18142935	0.20000000	0.00408276
7640.80598146	2564.00000000	0.19939342	0.20000000	0.00431254
7641.18656377	2548.00000000	0.19814916	0.20000000	0.00429683
7641.56863892	2625.00000000	0.20413718	0.20000000	0.00437215
7641.95220726	2746.00000000	0.21354693	0.20000000	0.00448922
7642.33726919	2968.00000000	0.23081111	0.20000000	0.00470024
7642.72382506	2997.00000000	0.23306633	0.20000000	0.00472748
7643.11187525	3259.00000000	0.25344117	0.20000000	0.00497035
7643.50142014	3377.00000000	0.26261762	0.20000000	0.00507802
7643.89246010	3455.00000000	0.26868341	0.20000000	0.00514865
7644.28499551	3849.00000000	0.29932343	0.20000000	0.00549953
7644.67902675	4082.00000000	0.31744304	0.20000000	0.00570289
7645.07455421	4177.00000000	0.32483086	0.20000000	0.00578503
7645.47157826	4629.00000000	0.35998134	0.20000000	0.00617025
7645.87009929	5038.00000000	0.39178785	0.20000000	0.00651191
7646.27011769	5332.00000000	0.41465122	0.20000000	0.00675402
7646.67163384	5629.00000000	0.43774788	0.20000000	0.00699600
7647.07464813	6065.00000000	0.47165409	0.20000000	0.00734702
7647.47916096	6526.00000000	0.50750447	0.20000000	0.00771340
7647.88517271	7150.00000000	0.55603080	0.20000000	0.00820266
7648.29268377	7991.00000000	0.62143246	0.20000000	0.00885203
7648.70169455	9022.00000000	0.70160977	0.20000000	0.00963550
7649.11220544	10052.00000000	0.78170931	0.20000000	0.01040729
7649.52421684	11117.00000000	0.86453068	0.20000000	0.01119622
7649.93772914	11828.00000000	0.91982269	0.20000000	0.01171869
7650.35274275	12859.00000000	1.00000000	0.20000000	0.01247129
7650.76925806	12628.00000000	0.98203593	0.20000000	0.01230314
7651.18727549	11865.00000000	0.92270005	0.20000000	0.01174580
7651.60679544	10077.00000000	0.78365347	0.20000000	0.01042590
7652.02781832	8331.00000000	0.64787308	0.20000000	0.00911178
7652.45034453	6339.00000000	0.49296213	0.20000000	0.00756532
7652.87437448	5108.00000000	0.39723151	0.20000000	0.00656980
7653.29990859	3805.00000000	0.29590170	0.20000000	0.00546080
7653.72694727	3158.00000000	0.24558675	0.20000000	0.00487737
7654.15549093	2578.00000000	0.20048215	0.20000000	0.00432625
7654.58553999	2123.00000000	0.16509837	0.20000000	0.00386767
7655.01709486	1863.00000000	0.14487907	0.20000000	0.00359153
7655.45015598	1558.00000000	0.12116028	0.20000000	0.00325020
7655.88472374	1484.00000000	0.11540555	0.20000000	0.00316392
7656.32079859	1250.00000000	0.09720818	0.20000000	0.00288000
7656.75838094	1086.00000000	0.08445447	0.20000000	0.00266878
7657.19747121	1008.00000000	0.07838868	0.20000000	0.00256396
7657.63806984	886.00000000	0.06890116	0.20000000	0.00239320
7658.08017725	769.00000000	0.05980247	0.20000000	0.00222008
7658.52379387	730.00000000	0.05676958	0.20000000	0.00215995
7658.96892013	662.00000000	0.05148145	0.20000000	0.00205174
7659.41555647	630.00000000	0.04899292	0.20000000	0.00199917
7659.86370332	612.00000000	0.04759313	0.20000000	0.00196909
7660.31336111	547.00000000	0.04253830	0.20000000	0.00185709
7660.76453029	486.00000000	0.03779454	0.20000000	0.00174649
7661.21721128	486.00000000	0.03779454	0.20000000	0.00174649
7661.67140454	456.00000000	0.03546154	0.20000000	0.00168983
7662.12711051	409.00000000	0.03180652	0.20000000	0.00159755
7662.58432962	387.00000000	0.03009565	0.20000000	0.00155270
7663.04306232	344.00000000	0.02675169	0.20000000	0.00146152
7663.50330907	290.00000000	0.02255230	0.20000000	0.00133917
7663.96507030	253.00000000	0.01967494	0.20000000	0.00124906
7664.42834646	215.00000000	0.01671981	0.20000000	0.00114977
7664.89313802	215.00000000	0.01671981	0.20000000	0.00114977
7665.35944541	221.00000000	0.01718641	0.20000000	0.00116597
7665.82726910	175.00000000	0.01360915	0.20000000	0.00103573
7666.29660954	185.00000000	0.01438681	0.20000000	0.00106532
7666.76746719	178.00000000	0.01384244	0.20000000	0.00104469
7667.23984251	170.00000000	0.01322031	0.20000000	0.00102063
7667.71373595	166.00000000	0.01290925	0.20000000	0.00100840
